0.00000 0.56498 -1.07542 0.00278 -0.00644 0.00576 -1.20869 -1.02399 0.01468 1.07661
0.00001 0.00000 -0.14360 -0.00013 -0.00023 0.00002 -0.00015 -0.00003 0.00001 0.00012
-0.00000 -0.00001 0.00000 0.00037 -0.00212 0.00002 -0.00000 0.00001 -0.00000 -0.00008
-0.00109 0.03387 -0.02847 0.00000 0.00214 0.00001 0.00180 0.05666 -0.00208 -0.12111
-0.00143 0.00649 0.00333 -0.00231 0.00000 0.00657 0.00367 0.00101 0.00080 -0.00305
-0.00130 0.07557 -0.09122 0.41819 0.00256 0.00000 0.00160 -0.02214 0.00033 -0.96726
-0.00000 -0.05142 -1.71842 0.00117 0.00438 0.00204 0.00000 0.14049 0.00067 -0.11615
-0.00000 -0.34715 0.60884 0.00007 0.00104 -0.00008 0.00002 0.00000 -0.00000 -1.79743
-0.00047 0.41060 -1.07570 -0.00563 0.01444 -0.02556 0.01688 -0.67365 0.00000 0.11079
0.00000 0.09586 -0.10391 -0.00004 -0.00392 -0.00001 -0.00003 -0.00000 0.00001 0.00000
