0.00000 1.48057 -1.50984 0.00000 0.00000 0.00000 -1.39734 0.00000 0.00000 1.15921
0.00000 0.00000 0.00000 0.00000 0.00000 0.00000 0.00000 -0.90985 0.00000 0.00000
0.00000 0.00000 0.00000 0.00000 0.00000 0.00000 0.00000 0.00000 0.00000 0.00000
0.00000 0.00000 0.00000 0.00000 0.00000 0.85687 0.00000 0.00000 0.00000 0.00000
0.00000 0.00000 0.00000 0.00000 0.00000 0.00000 0.00000 0.00000 0.00000 0.00000
0.00000 0.00000 0.00000 0.00000 0.00000 0.00000 0.00000 0.00000 0.00000 -1.01046
0.00000 0.00000 -1.84873 0.00000 0.00000 0.00000 0.00000 0.00000 0.00000 0.00000
0.00000 0.00000 0.85910 0.00000 0.00000 0.00000 0.00000 0.00000 0.00000 -1.72049
0.00000 0.93868 -1.24061 0.00000 0.00000 0.00000 0.00000 0.00000 0.00000 0.00000
0.00000 0.00000 0.00000 0.00000 0.00000 0.00000 0.00000 0.00000 0.00000 0.00000
